8671
3729
5670
6755
370
3248
1379
5186
9435
6119
5961
9615
7329
5071
6896
572
6264
9099
6074
5850
1247
5440
2836
4372
3099
9835
3778
852
696
9199
1248
9502
8521
4622
9689
8552
7902
9607
5986
6470
7771
1533
2650
9855
2048
9128
7278
6071
5034
5429
4130
6492
2492
3050
4495
3793
8107
4162
9040
8100
7258
975
5798
3545
7830
7725
9004
7135
1954
630
9189
4733
6644
7479
9829
4818
9068
232
534
5003
85
6630
9155
1461
631
8011
8234
4194
5207
2386
346
3787
423
1610
1413
2499
7813
5840
3164
5502
4017
539
8375
7715
6719
6436
4981
2405
3190
565
4656
8254
4476
8363
9948
1360
5650
6751
1591
940
5941
1105
1249
6530
2578
4821
8079
7756
175
2175
3183
1010
5193
7068
1091
5246
4229
2013
4370
1381
8404
9967
2213
7383
9175
7747
5472
3838
7389
134
336
1982
926
6260
1117
2215
933
2106
6167
3339
9223
906
6893
5439
4930
9132
9000
7319
9518
261
8817
6057
7254
574
2516
8505
7431
1312
9681
9386
9288
4426
6158
155
1523
67
5633
9987
2925
2176
3726
1886
1026
89
5399
3141
2307
1147
418
6186
2431
3556
96
5148
6143
4424
1227
7066
863
6761
6066
4376
2088
7499
6365
8590
9542
9407
2421
1794
6985
5947
2895
7973
9780
7411
1137
3692
2336
399
9686
1694
3869
8425
710
663
1345
1541
1183
6121
9663
6402
4198
4731
9269
6371
2686
9954
101
4326
651
87
3451
9366
5442
1823
1460
6398
8288
1629
7154
6972
3060
790
5598
1435
2128
2980
1114
8925
9957
9466
9307
6498
5467
2116
3226
7694
7165
165
4889
5455
280
8697
4672
390
6295
583
5880
3727
9724
3366
240
6390
967
4442
6686
4529
470
3757
7727
779
3742
7780
4298
4060
2090
9978
4242
5065
2434
6695
6438
4502
9274
5314
1916
8174
4271
8767
2636
9547
7297
7148
6378
2824
6261
6485
7270
8324
7554
8900
2296
5426
4400
4299
8716
6233
7409
3062
9996
1170
4820
2404
421
8681
7224
5497
8403
2741
6883
4585
3681
5445
5300
6163
4258
9460
6847
3139
7203
8624
9322
1455
7911
9218
3203
6109
3884
7766
6379
7093
7030
8423
2760
8266
6212
3019
3276
8230
5443
7543
437
2478
4087
5799
4287
9072
2947
9636
2324
2919
5192
6789
7617
4831
4797
467
6393
9135
7283
9969
5155
7534
4522
227
1590
2150
1441
3830
4943
5189
5685
8814
2664
6813
3012
4381
303
4196
8787
5333
990
4509
8922
8687
6583
1583
4928
1048
4575
7762
243
6035
7953
2070
3509
8599
6385
8844
3490
5684
5244
8366
6569
6473
5628
8233
6228
1
595
3797
1077
300
3815
3224
1318
7844
3794
1625
3897
78
7051
2715
1125
4307
7974
4396
6931
8077
206
635
4075
2750
8830
996
1392
9106
5754
3812
2359
8102
7675
9005
8805
787
2006
1887
3452
8934
1399
8429
9741
923
2911
5835
7235
7706
6401
2891
3261
2456
5000
5568
1631
8287
8053
2449
7899
5132
449
4007
1775
3273
7954
4212
3701
8106
2817
2290
3533
3562
9213
7446
7210
9064
9727
3131
8573
1635
1076
6704
3821
2550
1695
2717
4661
747
5353
9193
1342
5346
3880
7130
9071
5376
2333
4872
517
9011
2133
4909
6865
8386
732
1073
1495
740
6142
8526
1245
7354
6622
6577
3025
4714
814
4784
5826
7846
6048
1521
4465
6093
1759
4637
3028
7100
8388
6790
7000
7538
3031
2585
5607
819
8383
9381
760
3534
1422
5256
3346
6108
9165
916
7067
376
640
3503
7952
4398
4151
8909
4172
7827
2811
6697
4362
311
2476
6406
5968
7775
2974
4919
9968
8232
3834
9208
8584
4026
4969
6373
1634
9463
3094
8617
4118
2011
2039
993
8075
1411
8009
2199
5352
8575
1372
3210
3714
1393
3917
9698
6994
3243
4135
5983
8507
4225
8536
8943
945
4276
524
5609
3083
3435
8293
5913
702
7244
2773
2198
8126
4375
7251
9519
2969
7784
8626
7624
3849
6796
9887
8560
2470
5470
8021
7238
4799
7355
7873
7779
4274
537
6117
8180
3129
7669
4200
2417
8029
570
1375
9420
2690
2416
2979
8171
731
3021
6316
4360
248
7765
3546
9032
8224
6294
5026
5103
2280
6064
3067
1148
1031
9121
3440
6124
2104
7197
9017
4811
4980
4631
7896
5135
1738
2649
5583
3599
5737
9239
3041
3064
3404
9548
6897
8298
6579
8251
49
9768
4514
1030
9033
6496
2308
3594
5833
1836
2880
8674
8196
6830
9253
9888
9051
880
6899
7600
5716
8271
128
2865
2155
9391
7498
8976
8274
6102
9203
3434
575
7656
9543
2638
4505
3949
2586
4078
4871
6731
2443
4466
7266
1290
8867
1620
3585
1546
5960
2857
8043
6383
4993
1447
2576
9704
6982
6655
9380
5025
1404
6151
8874
447
9798
116
2003
3214
9808
8696
1601
3491
5572
1707
3296
2082
8901
4951
6263
7378
6767
1809
4393
7146
4577
1156
427
6277
339
9115
7583
9268
3017
299
7574
8477
1953
8362
1229
7360
960
6426
2964
6409
7943
5591
9001
2625
2111
5265
2958
7452
8988
2652
9453
2447
7055
3872
861
9461
443
3119
7513
1291
3857
743
2554
8532
1219
8218
9674
6003
5223
2580
1873
7200
3765
7046
8497
4994
167
8431
394
6923
3173
3196
194
3871
706
8720
2277
8803
2411
7083
20
5594
9582
275
9257
3065
1810
4880
5620
6814
9200
5157
5438
468
7014
479
3355
413
9002
1054
9
6290
9059
4479
2794
6563
5284
5091
422
6727
8394
4785
8802
2940
2477
9035
1140
1028
9550
5499
5403
2959
6545
9291
2987
8564
8773
4181
246
1304
4489
4842
6450
358
8936
9719
7291
3573
8041
9281
136
8121
7679
2854
2847
3848
6747
2923
8010
8257
8798
7778
9494
1319
6392
5745
435
3002
6519
1199
4076
2718
1934
8419
4736
977
798
5773
6804
1907
4876
7660
335
6300
6010
196
6311
8374
2253
4851
4972
12
7967
7692
7579
4531
6787
9717
6230
1281
8331
6699
70
2241
6181
8409
1905
4781
4858
8731
2
7078
527
4220
419
9365
5781
9869
3121
2197
9856
4754
4635
4045
2707
5886
4602
6551
5247
7926
359
7606
5531
9788
874
6582
2647
3722
8616
3386
9771
6861
4705
6629
3850
1193
4931
5643
6244
4992
894
1371
7011
4332
7138
1396
7223
3003
999
610
4402
9693
4755
9706
1555
4963
3464
8605
1816
7763
4679
4742
1158
4262
8542
8452
3578
4457
3522
1211
5104
53
5344
41
737
426
4629
8205
3228
284
2024
4182
8408
2244
9521
8983
4175
2042
7677
5696
9670
338
1741
980
9123
8529
694
8220
9050
7924
3479
360
7963
3581
2194
5280
9690
7158
6058
8911
5978
1567
7745
3895
5599
1482
5123
4738
8978
1606
108
1003
2532
2058
9186
9324
9205
6144
3744
2985
2073
210
4248
550
755
7186
5748
8710
4469
1516
2412
8884
9886
5837
6022
597
3469
7129
2340
7523
8133
2272
1729
3407
366
720
7732
7181
1515
2338
2561
4351
4596
4782
3442
7862
4094
2345
4588
4816
7481
992
8941
1434
8647
2774
4899
5944
3082
9759
361
5715
7979
5483
199
3664
3437
4761
4641
4255
5409
1139
269
4005
7539
6320
7893
4213
6743
8435
3325
5749
8343
5261
6077
1284
4573
4209
5156
7462
9900
398
9338
5480
921
8372
9964
6162
3687
891
5681
4603
6046
1165
4568
6080
293
9374
7710
130
8721
1829
3887
5739
2683
8520
9069
7972
2556
5726
1574
4638
2788
3275
1315
7477
7936
3741
2870
6597
9478
2761
5474
6826
9803
851
3320
9517
9845
9818
9204
1612
1668
9174
44
2035
8061
2089
563
8003
4539
5580
5994
4716
3856
982
5337
3264
5357
1537
2845
2841
2074
1355
6656
6797
6494
9184
353
2850
2771
7352
9758
9094
3875
6986
6251
8460
1971
6590
2081
7323
9041
2402
7522
2849
4205
6514
6214
3475
4179
1231
4668
4883
4358
3377
1960
3098
9867
1279
4339
9079
7269
774
4452
1377
2083
3415
4766
2000
6210
5239
6081
6037
2790
6321
7586
6123
1888
434
624
4906
9192
9096
2933
5418
7469
9134
1157
1478
8489
816
9448
8726
8463
1851
824
3476
854
7020
8812
7991
6234
4687
5444
1944
4996
1568
504
247
4713
2688
3051
4413
2766
1798
1553
1608
7607
1757
1013
6720
2132
6009
7668
2314
4059
6567
9622
9546
458
4823
8253
5814
3852
9479
8949
6742
1006
6240
3882
5231
4526
5757
476
6411
2639
9246
7338
2544
4460
7970
5772
4934
6033
3547
9600
4987
2787
6075
1000
1681
3353
8500
8804
2242
4548
6998
2978
6454
714
625
3908
9631
3677
8276
8294
8559
1632
7611
8620
5078
3694
5329
120
114
6914
5203
4154
9923
3034
6357
4323
2461
8958
363
7909
9614
9739
8914
8993
6703
2906
9935
636
6060
1081
8094
5321
1981
5308
6858
9201
4051
7374
5807
4533
2022
4581
5079
2206
2191
5736
6478
4515
2178
7708
2542
3001
1228
189
2757
9285
1214
6643
6016
2225
4016
4948
2064
9373
670
6012
9097
4986
7007
8135
3221
2604
8176
5920
5615
6841
5407
7010
6457
8579
2014
1042
9450
1918
9667
5621
5847
5185
4015
7509
1222
3758
5945
3311
9301
5644
2007
258
436
7346
7331
5871
2214
367
2916
521
5933
5153
2231
393
838
4455
5085
3540
4900
7713
9743
2084
1022
1940
764
9611
516
8999
9716
7141
7121
6667
962
6092
7368
4935
5296
4486
9928
8130
1418
5789
424
8724
1159
7453
6993
6735
4564
5198
3792
6381
2453
8955
1818
4042
8012
8906
3153
8972
5463
2161
6297
7937
9452
9924
